1101001101010111
0000011011001100
0000000000000000
0000000000000000
0101001101001110
0110000000000000
1011001001000111
0001011101010101
1001010010011110
1111110001010011
1011010000011101
0101010110110101
1100110011001100
1000111110100111
1010101000111100
0000111101011100
0111000101001000
1010100101110011
0000000000000000
0000000000000000
0000000000000000
0000000000000000
0000000000000000
0000000000000000
0000000000000000
0000000000000000
0000000000000000
0000000000000000
0000000000000000
0000000000000000
0000000000000000
0000000000000000
0000000000000000
0000000000000000
0000000000000000
0000000000000000
0000000000000000
0000000000000000
0000000000000000
1000010101111010
0111111110100011
0000000000000000
0000000000000000
0000000000000000
0000000000000000
0000000000000000
0000000000000000
0000000000000000
0000000000000000
0000000000000000
0000000000000000
0000000000000000
0000000000000000
0000000000000000
0000000000000000
0000000000000000
0000000000000000
0000000000000000
0000000000000000
0000000000000000
0000000000000000
0000000000000000
0000000000000000
0000000000000000
